0
149
89
187
127
276
165
61
254
99
39
188
77
17
166
55
204
144
242
182
78
220
116
56
154
94
34
132
72
221
110
259
199
44
237
133
22
171
111
0
149
89
187
127
276
165
61
254
99
39
188
77
17
166
55
204
144
242
182
78
220
116
56
154
94
34
132
72
221
110
259
199
44
237
133
22
171
111
0
149
89
187
127
276
165
61
254
99
39
188
77
17
166
55
204
144
242
182
78
220
116
56
154
94
34
132
72
221
110
259
199
44
237
133
22
171
111
0
149
89
187
127
276
165
61
254
99
39
188
77
17
166
55
204
144
242
182
78
220
116
56
154
94
34
132
72
221
110
259
199
44
237
133
22
171
111
0
149
89
187
127
276
165
61
254
99
39
188
77
17
166
55
204
144
242
182
78
220
116
56
154
94
34
132
72
221
110
259
199
44
237
133
22
171
111
0
149
89
187
127
276
165
61
254
99
39
188
77
17
166
55
204
144
242
182
78
220
116
56
154
94
34
132
72
221
110
259
199
44
237
133
22
171
111
0
149
89
187
127
276
165
61
254
99
39
188
77
17
166
55
204